2
20
20
0.05
0.005
2.0
2094.3951023931954
1.225
C:/Users/louis/source/repos/propeller-acoustics/app/foils/naca0018.surf
Cosine
r0_r0
0.102770123366094
0.11378240719968447
0.13553581589120767
0.16749470832325405
0.20887215049866364
0.25864929246722035
0.3156004557927955
0.3783233138242388
0.4452734216315849
0.5148022453659481
0.585197754634052
0.6547265783684151
0.7216766861757612
0.7843995442072045
0.8413507075327797
0.8911278495013364
0.9325052916767459
0.9644641841087923
0.9862175928003155
0.997229876633906
xc
-0.475
-0.42500000000000004
-0.375
-0.32499999999999996
-0.275
-0.22499999999999998
-0.17499999999999996
-0.12499999999999997
-0.07499999999999998
-0.024999999999999994
0.025000000000000022
0.07500000000000007
0.12500000000000006
0.17500000000000004
0.22500000000000003
0.275
0.32500000000000007
0.37500000000000006
0.42500000000000004
0.47500000000000003
dz
0.00027701233660940017
0.0008242160467496458
0.0013511248224026768
0.0018447644208019606
0.0022929797967389982
0.0026847344001166736
0.0030103819324408428
0.003261903870703485
0.003433106910031125
0.003519775463405192
0.0035197754634051955
0.003433106910031125
0.003261903870703485
0.0030103819324408393
0.002684734400116677
0.0022929797967389948
0.0018447644208019615
0.0013511248224026828
0.0008242160467496415
0.00027701233660940017
chord
0.01
0.01
0.01
0.01
0.01
0.01
0.01
0.01
0.01
0.01
0.01
0.01
0.01
0.01
0.01
0.01
0.01
0.01
0.01
0.01
twist
0.17273924817401387
0.17254704756295355
0.17216737895775452
0.1716095910595246
0.17088741845751015
0.1700186434379262
0.16902465812505385
0.1679299377361442
0.16676143792034087
0.16554793102113746
0.16431929760579084
0.16310579070658743
0.16193729089078404
0.16084257050187442
0.1598485851890021
0.15897981016941812
0.15825763756740366
0.15769984966917378
0.15732018106397472
0.15712798045291443
sweep
0.0
0.0
0.0
0.0
0.0
0.0
0.0
0.0
0.0
0.0
0.0
0.0
0.0
0.0
0.0
0.0
0.0
0.0
0.0
0.0
